background.png
|1,,,,|1,,,,|1,,,,|1,,,,|1,,,,|1,,,,|1,,,,|1,,,,|1,,,,|1,,,,|1,,,,|1,,,,|1,,,,|1,,,,|1,,,,|1,,,,|1,,,,|1,,,,|1,,,,|1,,,,|1,,,,|1,,,,|1,,,,|1,,,,|1,,,,|1,,,,|1,,,,|1,,,,|1,,,,|1,,,,|1,,,,|1,,,,|1,,,,|1,,,,|1,,,,|1,,,,|1,,,,|1,,,,|1,,,,|1,,,,|1,,,,|1,,,,|1,,,,|1,,,,|1,,,,|1,,,,|1,,,,|1,,,,|1,,,,|1,,,,|1,,,,|1,,,,|1,,,,|1,,,,|1,,,,|1,,,,|1,,,,|1,,,,|1,,,,|1,,,,|1,,,,|1,,,,|1,,,,|1,,,,|1,,,,|1,,,,|1,,,,|1,,,,|1,,,,|1,,,,|1,,,,|1,,,,|1,,,,|1,,,,|1,,,,|1,,,,|1,,,,|1,,,,|1,,,,|1,,,,|1,,,,|1,,,,|1,,,,|1,,,,|1,,,,|1,,,,|1,,,,|1,,,,|1,,,,|1,,,,|1,,,,|1,,,,|1,,,,|1,,,,|1,,,,|1,,,,
|1,,,,|1,,,,|1,,,,|1,,,,|1,,,,|1,,,,|1,,,,|1,,,,|1,,,,|1,,,,|1,,,,|1,,,,|1,,,,|1,,,,|1,,,,|1,,,,|1,,,,|1,,,,|1,,,,|1,,,,|1,,,,|1,,,,|1,,,,|1,,,,|1,,,,|1,,,,|1,,,,|1,,,,|1,,,,|1,,,,|1,,,,|1,,,,|1,,,,|1,,,,|1,,,,|1,,,,|1,,,,|1,,,,|1,,,,|1,,,,|1,,,,|1,,,,|1,,,,|1,,,,|1,,,,|1,,,,|1,,,,|1,,,,|1,,,,|1,,,,|1,,,,|1,,,,|1,,,,|1,,,,|1,,,,|1,,,,|1,,,,|1,,,,|1,,,,|1,,,,|1,,,,|1,,,,|1,,,,|1,,,,|1,,,,|1,,,,|1,,,,|1,,,,|1,,,,|1,,,,|1,,,,|1,,,,|1,,,,|1,,,,|1,,,,|1,,,,|1,,,,|1,,,,|1,,,,|1,,,,|1,,,,|1,,,,|1,,,,|1,,,,|1,,,,|1,,,,|1,,,,|1,,,,|1,,,,|1,,,,|1,,,,|1,,,,|1,,,,|1,,,,|1,,,,|1,,,,
|1,,,,|1,,,,|1,,,,|1,,,,|1,,,,|1,,,,|1,,,,|1,,,,|1,,,,|1,,,,|1,,,,|1,,,,|1,,,,|1,,,,|1,,,,|1,,,,|1,,,,|1,,,,|1,,,,|1,,,,|1,,,,|1,,,,|1,,,,|1,,,,|1,,,,|1,,,,|1,,,,|1,,,,|1,,,,|1,,,,|1,,,,|1,,,,|1,,,,|1,,,,|1,,,,|1,,,,|1,,,,|1,,,,|1,,,,|1,,,,|1,,,,|1,,,,|1,,,,|1,,,,|1,,,,|1,,,,|1,,,,|1,,,,|1,,,,|1,,,,|1,,,,|1,,,,|1,,,,|1,,,,|1,,,,|1,,,,|1,,,,|1,,,,|1,,,,|1,,,,|1,,,,|1,,,,|1,,,,|1,,,,|1,,,,|1,,,,|1,,,,|1,,,,|1,,,,|1,,,,|1,,,,|1,,,,|1,,,,|1,,,,|1,,,,|1,,,,|1,,,,|1,,,,|1,,,,|1,,,,|1,,,,|1,,,,|1,,,,|1,,,,|1,,,,|1,,,,|1,,,,|1,,,,|1,,,,|1,,,,|1,,,,|1,,,,|1,,,,|1,,,,|1,,,,|1,,,,
|1,,,,|1,,,,|1,,,,|1,,,,|1,,,,|1,,,,|1,,,,|1,,,,|1,,,,|1,,,,|1,,,,|1,,,,|1,,,,|1,,,,|1,,,,|1,,,,|1,,,,|1,,,,|1,,,,|1,,,,|1,,,,|1,,,,|1,,,,|1,,,,|1,,,,|1,,,,|1,,,,|1,,,,|1,,,,|1,,,,|1,,,,|1,,,,|1,,,,|1,,,,|1,,,,|1,,,,|1,,,,|1,,,,|1,,,,|1,,,,|1,,,,|1,,,,|1,,,,|1,,,,|1,,,,|1,,,,|1,,,,|1,,,,|1,,,,|1,,,,|1,,,,|1,,,,|1,,,,|1,,,,|1,,,,|1,,,,|1,,,,|1,,,,|1,,,,|1,,,,|1,,,,|1,,,,|1,,,,|1,,,,|1,,,,|1,,,,|1,,,,|1,,,,|1,,,,|1,,,,|1,,,,|1,,,,|1,,,,|1,,,,|1,,,,|1,,,,|1,,,,|1,,,,|1,,,,|1,,,,|1,,,,|1,,,,|1,,,,|1,,,,|1,,,,|1,,,,|1,,,,|1,,,,|1,,,,|1,,,,|1,,,,|1,,,,|1,,,,|1,,,,|1,,,,|1,,,,
|1,,,,|1,,,,|1,,,,|1,,,,|1,,,,|1,,,,|1,,,,|1,,,,|1,,,,|1,,,,|1,,,,|1,,,,|1,,,,|1,,,,|1,,,,|1,,,,|1,,,,|1,,,,|1,,,,|1,,,,|1,,,,|1,,,,|1,,,,|1,,,,|1,,,,|1,,,,|1,,,,|1,,,,|1,,,,|1,,,,|1,,,,|1,,,,|1,,,,|1,,,,|1,,,,|1,,,,|1,,,,|1,,,,|1,,,,|1,,,,|1,,,,|1,,,,|1,,,,|1,,,,|1,,,,|1,,,,|1,,,,|1,,,,|1,,,,|1,,,,|1,,,,|1,,,,|1,,,,|1,,,,|1,,,,|1,,,,|1,,,,|1,,,,|1,,,,|1,,,,|1,,,,|1,,,,|1,,,,|1,,,,|1,,,,|1,,,,|1,,,,|1,,,,|1,,,,|1,,,,|1,,,,|1,,,,|1,,,,|1,,,,|1,,,,|1,,,,|1,,,,|1,,,,|1,,,,|1,,,,|1,,,,|1,,,,|1,,,,|1,,,,|1,,,,|1,,,,|1,,,,|1,,,,|1,,,,|1,,,,|1,,,,|1,,,,|1,,,,|1,,,,|1,,,,|1,,,,
|1,,,,|1,,,,|1,,,,|1,,,,|1,,,,|1,,,,|1,,,,|1,,,,|1,,,,|1,,,,|1,,,,|1,,,,|1,,,,|1,,,,|1,,,,|1,,,,|1,,,,|1,,,,|1,,,,|1,,,,|1,,,,|1,,,,|1,,,,|1,,,,|1,,,,|1,,,,|1,,,,|1,,,,|1,,,,|1,,,,|1,,,,|1,,,,|1,,,,|1,,,,|1,,,,|1,,,,|1,,,,|1,,,,|1,,,,|1,,,,|1,,,,|1,,,,|1,,,,|1,,,,|1,,,,|1,,,,|1,,,,|1,,,,|1,,,,|1,,,,|1,,,,|1,,,,|1,,,,|1,,,,|1,,,,|1,,,,|1,,,,|1,,,,|1,,,,|1,,,,|1,,,,|1,,,,|1,,,,|1,,,,|1,,,,|1,,,,|1,,,,|1,,,,|1,,,,|1,,,,|1,,,,|1,,,,|1,,,,|1,,,,|1,,,,|1,,,,|1,,,,|1,,,,|1,,,,|1,,,,|1,,,,|1,,,,|1,,,,|1,,,,|1,,,,|1,,,,|1,,,,|1,,,,|1,,,,|1,,,,|1,,,,|1,,,,|1,,,,|1,,,,|1,,,,|1,,,,
|1,,,,|1,,,,|1,,,,|1,,,,|1,,,,|1,,,,|1,,,,|1,,,,|1,,,,|1,,,,|1,,,,|1,,,,|1,,,,|1,,,,|1,,,,|1,,,,|1,,,,|1,,,,|1,,,,|1,,,,|1,,,,|1,,,,|1,,,,|1,,,,|1,,,,|1,,,,|1,,,,|1,,,,|1,,,,|1,,,,|1,,,,|1,,,,|1,,,,|1,,,,|1,,,,|1,,,,|1,,,,|1,,,,|1,,,,|1,,,,|1,,,,|1,,,,|1,,,,|1,,,,|1,,,,|1,,,,|1,,,,|1,,,,|1,,,,|1,,,,|1,,,,|1,,,,|1,,,,|1,,,,|1,,,,|1,,,,|1,,,,|1,,,,|1,,,,|1,,,,|1,,,,|1,,,,|1,,,,|1,,,,|1,,,,|1,,,,|1,,,,|1,,,,|1,,,,|1,,,,|1,,,,|1,,,,|1,,,,|1,,,,|1,,,,|1,,,,|1,,,,|1,,,,|1,,,,|1,,,,|1,,,,|1,,,,|1,,,,|1,,,,|1,,,,|1,,,,|1,,,,|1,,,,|1,,,,|1,,,,|1,,,,|1,,,,|1,,,,|1,,,,|1,,,,|1,,,,
|1,,,,|1,,,,|1,,,,|1,,,,|1,,,,|1,,,,|1,,,,|1,,,,|1,,,,|1,,,,|1,,,,|1,,,,|1,,,,|1,,,,|1,,,,|1,,,,|1,,,,|1,,,,|1,,,,|1,,,,|1,,,,|1,,,,|1,,,,|1,,,,|1,,,,|1,,,,|1,,,,|1,,,,|1,,,,|1,,,,|1,,,,|1,,,,|1,,,,|1,,,,|1,,,,|1,,,,|1,,,,|1,,,,|1,,,,|1,,,,|1,,,,|1,,,,|1,,,,|1,,,,|1,,,,|1,,,,|1,,,,|1,,,,|1,,,,|1,,,,|1,,,,|1,,,,|1,,,,|1,,,,|1,,,,|1,,,,|1,,,,|1,,,,|1,,,,|1,,,,|1,,,,|1,,,,|1,,,,|1,,,,|1,,,,|1,,,,|1,,,,|1,,,,|1,,,,|1,,,,|1,,,,|1,,,,|1,,,,|1,,,,|1,,,,|1,,,,|1,,,,|1,,,,|1,,,,|1,,,,|1,,,,|1,,,,|1,,,,|1,,,,|1,,,,|1,,,,|1,,,,|1,,,,|1,,,,|1,,,,|1,,,,|1,,,,|1,,,,|1,,,,|1,,,,|1,,,,
|1,,,,|1,,,,|1,,,,|1,,,,|1,,,,|1,,,,|1,,,,|1,,,,|1,,,,|1,,,,|1,,,,|1,,,,|1,,,,|1,,,,|1,,,,|1,,,,|1,,,,|1,,,,|1,,,,|1,,,,|1,,,,|1,,,,|1,,,,|1,,,,|1,,,,|1,,,,|1,,,,|1,,,,|1,,,,|1,,,,|1,,,,|1,,,,|1,,,,|1,,,,|1,,,,|1,,,,|1,,,,|1,,,,|1,,,,|1,,,,|1,,,,|1,,,,|1,,,,|1,,,,|1,,,,|1,,,,|1,,,,|1,,,,|1,,,,|1,,,,|1,,,,|1,,,,|1,,,,|1,,,,|1,,,,|1,,,,|1,,,,|1,,,,|1,,,,|1,,,,|1,,,,|1,,,,|1,,,,|1,,,,|1,,,,|1,,,,|1,,,,|1,,,,|1,,,,|1,,,,|1,,,,|1,,,,|1,,,,|1,,,,|1,,,,|1,,,,|1,,,,|1,,,,|1,,,,|1,,,,|1,,,,|1,,,,|1,,,,|1,,,,|1,,,,|1,,,,|1,,,,|1,,,,|1,,,,|1,,,,|1,,,,|1,,,,|1,,,,|1,,,,|1,,,,|1,,,,
|1,,,,|1,,,,|1,,,,|1,,,,|1,,,,|1,,,,|1,,,,|1,,,,|1,,,,|1,,,,|1,,,,|1,,,,|1,,,,|1,,,,|1,,,,|1,,,,|1,,,,|1,,,,|1,,,,|1,,,,|1,,,,|1,,,,|1,,,,|1,,,,|1,,,,|1,,,,|1,,,,|1,,,,|1,,,,|1,,,,|1,,,,|1,,,,|1,,,,|1,,,,|1,,,,|1,,,,|1,,,,|1,,,,|1,,,,|1,,,,|1,,,,|1,,,,|1,,,,|1,,,,|1,,,,|1,,,,|1,,,,|1,,,,|1,,,,|1,,,,|1,,,,|1,,,,|1,,,,|1,,,,|1,,,,|1,,,,|1,,,,|1,,,,|1,,,,|1,,,,|1,,,,|1,,,,|1,,,,|1,,,,|1,,,,|1,,,,|1,,,,|1,,,,|1,,,,|1,,,,|1,,,,|1,,,,|1,,,,|1,,,,|1,,,,|1,,,,|1,,,,|1,,,,|1,,,,|1,,,,|1,,,,|1,,,,|1,,,,|1,,,,|1,,,,|1,,,,|1,,,,|1,,,,|1,,,,|1,,,,|1,,,,|1,,,,|1,,,,|1,,,,|1,,,,|1,,,,
|1,,,,|1,,,,|1,,,,|1,,,,|1,,,,|1,,,,|1,,,,|1,,,,|1,,,,|1,,,,|1,,,,|1,,,,|1,,,,|1,,,,|1,,,,|1,,,,|1,,,,|1,,,,|1,,,,|1,,,,|1,,,,|1,,,,|1,,,,|1,,,,|1,,,,|1,,,,|1,,,,|1,,,,|1,,,,|1,,,,|1,,,,|1,,,,|1,,,,|1,,,,|1,,,,|1,,,,|1,,,,|1,,,,|1,,,,|1,,,,|1,,,,|1,,,,|1,,,,|1,,,,|1,,,,|1,,,,|1,,,,|1,,,,|1,,,,|1,,,,|1,,,,|1,,,,|1,,,,|1,,,,|1,,,,|1,,,,|1,,,,|1,,,,|1,,,,|1,,,,|1,,,,|1,,,,|1,,,,|1,,,,|1,,,,|1,,,,|1,,,,|1,,,,|1,,,,|1,,,,|1,,,,|1,,,,|1,,,,|1,,,,|1,,,,|1,,,,|1,,,,|1,,,,|1,,,,|1,,,,|1,,,,|1,,,,|1,,,,|1,,,,|1,,,,|1,,,,|1,,,,|1,,,,|1,,,,|1,,,,|1,,,,|1,,,,|1,,,,|1,,,,|1,,,,|1,,,,
|1,,,,|1,,,,|1,,,,|1,,,,|1,,,,|1,,,,|1,,,,|1,,,,|1,,,,|1,,,,|1,,,,|1,,,,|1,,,,|1,,,,|1,,,,|1,,,,|1,,,,|1,,,,|1,,,,|1,,,,|1,,,,|1,,,,|1,,,,|1,,,,|1,,,,|1,,,,|1,,,,|1,,,,|1,,,,|1,,,,|1,,,,|1,,,,|1,,,,|1,,,,|1,,,,|1,,,,|1,,,,|1,,,,|1,,,,|1,,,,|1,,,,|1,,,,|1,,,,|1,,,,|1,,,,|1,,,,|1,,,,|1,,,,|1,,,,|1,,,,|1,,,,|1,,,,|1,,,,|1,,,,|1,,,,|1,,,,|1,,,,|1,,,,|1,,,,|1,,,,|1,,,,|1,,,,|1,,,,|1,,,,|1,,,,|1,,,,|1,,,,|1,,,,|1,,,,|1,,,,|1,,,,|1,,,,|1,,,,|1,,,,|1,,,,|1,,,,|1,,,,|1,,,,|1,,,,|1,,,,|1,,,,|1,,,,|1,,,,|1,,,,|1,,,,|1,,,,|1,,,,|1,,,,|1,,,,|1,,,,|1,,,,|1,,,,|1,,,,|1,,,,|1,,,,|1,,,,
|1,,,,|1,,,,|1,,,,|1,,,,|1,,,,|1,,,,|1,,,,|1,,,,|1,,,,|1,,,,|1,,,,|1,,,,|1,,,,|1,,,,|1,,,,|1,,,,|1,,,,|1,,,,|1,,,,|1,,,,|1,,,,|1,,,,|1,,,,|1,,,,|1,,,,|1,,,,|1,,,,|1,,,,|1,,,,|1,,,,|1,,,,|1,,,,|1,,,,|1,,,,|1,,,,|1,,,,|1,,,,|1,,,,|1,,,,|1,,,,|1,,,,|1,,,,|1,,,,|1,,,,|1,,,,|1,,,,|1,,,,|1,,,,|1,,,,|1,,,,|1,,,,|1,,,,|1,,,,|1,,,,|1,,,,|1,,,,|1,,,,|1,,,,|1,,,,|1,,,,|1,,,,|1,,,,|1,,,,|1,,,,|1,,,,|1,,,,|1,,,,|1,,,,|1,,,,|1,,,,|1,,,,|1,,,,|1,,,,|1,,,,|1,,,,|1,,,,|1,,,,|1,,,,|1,,,,|1,,,,|1,,,,|1,,,,|1,,,,|1,,,,|1,,,,|1,,,,|1,,,,|1,,,,|1,,,,|1,,,,|1,,,,|1,,,,|1,,,,|1,,,,|1,,,,|1,,,,
|1,,,,|1,,,,|1,,,,|1,,,,|1,,,,|1,,,,|1,,,,|1,,,,|1,,,,|1,,,,|1,,,,|1,,,,|1,,,,|1,,,,|1,,,,|1,,,,|1,,,,|1,,,,|1,,,,|1,,,,|1,,,,|1,,,,|1,,,,|1,,,,|1,,,,|1,,,,|1,,,,|1,,,,|1,,,,|1,,,,|1,,,,|1,,,,|1,,,,|1,,,,|1,,,,|1,,,,|1,,,,|1,,,,|1,,,,|1,,,,|1,,,,|1,,,,|1,,,,|1,,,,|1,,,,|1,,,,|1,,,,|1,,,,|1,,,,|1,,,,|1,,,,|1,,,,|1,,,,|1,,,,|1,,,,|1,,,,|1,,,,|1,,,,|1,,,,|1,,,,|1,,,,|1,,,,|1,,,,|1,,,,|1,,,,|1,,,,|1,,,,|1,,,,|1,,,,|1,,,,|1,,,,|1,,,,|1,,,,|1,,,,|1,,,,|1,,,,|1,,,,|1,,,,|1,,,,|1,,,,|1,,,,|1,,,,|1,,,,|1,,,,|1,,,,|1,,,,|1,,,,|1,,,,|1,,,,|1,,,,|1,,,,|1,,,,|1,,,,|1,,,,|1,,,,|1,,,,
|1,,,,|1,,,,|1,,,,|1,,,,|1,,,,|1,,,,|1,,,,|1,,,,|1,,,,|1,,,,|1,,,,|1,,,,|1,,,,|1,,,,|1,,,,|1,,,,|1,,,,|1,,,,|1,,,,|1,,,,|1,,,,|1,,,,|1,,,,|1,,,,|1,,,,|1,,,,|1,,,,|1,,,,|1,,,,|1,,,,|1,,,,|1,,,,|1,,,,|1,,,,|1,,,,|1,,,,|1,,,,|1,,,,|1,,,,|1,,,,|1,,,,|1,,,,|1,,,,|1,,,,|1,,,,|1,,,,|1,,,,|1,,,,|1,,,,|1,,,,|1,,,,|1,,,,|1,,,,|1,,,,|1,,,,|1,,,,|1,,,,|1,,,,|1,,,,|1,,,,|1,,,,|1,,,,|1,,,,|1,,,,|1,,,,|1,,,,|1,,,,|1,,,,|1,,,,|1,,,,|1,,,,|1,,,,|1,,,,|1,,,,|1,,,,|1,,,,|1,,,,|1,,,,|1,,,,|1,,,,|1,,,,|1,,,,|1,,,,|1,,,,|1,,,,|1,,,,|1,,,,|1,,,,|1,,,,|1,,,,|1,,,,|1,,,,|1,,,,|1,,,,|1,,,,|1,,,,
|1,,,,|1,,,,|1,,,,|1,,,,|1,,,,|1,,,,|1,,,,|1,,,,|1,,,,|1,,,,|1,,,,|1,,,,|1,,,,|1,,,,|1,,,,|1,,,,|1,,,,|1,,,,|1,,,,|1,,,,|1,,,,|1,,,,|1,,,,|1,,,,|1,,,,|1,,,,|1,,,,|1,,,,|1,,,,|1,,,,|1,,,,|1,,,,|1,,,,|1,,,,|1,,,,|1,,,,|1,,,,|1,,,,|1,,,,|1,,,,|1,,,,|1,,,,|1,,,,|1,,,,|1,,,,|1,,,,|1,,,,|1,,,,|1,,,,|1,,,,|1,,,,|1,,,,|1,,,,|1,,,,|1,,,,|1,,,,|1,,,,|1,,,,|1,,,,|1,,,,|1,,,,|1,,,,|1,,,,|1,,,,|1,,,,|1,,,,|1,,,,|1,,,,|1,,,,|1,,,,|1,,,,|1,,,,|1,,,,|1,,,,|1,,,,|1,,,,|1,,,,|1,,,,|1,,,,|1,,,,|1,,,,|1,,,,|1,,,,|1,,,,|1,,,,|1,,,,|1,,,,|1,,,,|1,,,,|1,,,,|1,,,,|1,,,,|1,,,,|1,,,,|1,,,,|1,,,,
|1,,,,|1,,,,|1,,,,|1,,,,|1,,,,|1,,,,|1,,,,|1,,,,|1,,,,|1,,,,|1,,,,|1,,,,|1,,,,|1,,,,|1,,,,|1,,,,|1,,,,|1,,,,|1,,,,|1,,,,|1,,,,|1,,,,|1,,,,|1,,,,|1,,,,|1,,,,|1,,,,|1,,,,|1,,,,|1,,,,|1,,,,|1,,,,|1,,,,|1,,,,|1,,,,|1,,,,|1,,,,|1,,,,|1,,,,|1,,,,|1,,,,|1,,,,|1,,,,|1,,,,|1,,,,|1,,,,|1,,,,|1,,,,|1,,,,|1,,,,|1,,,,|1,,,,|1,,,,|1,,,,|1,,,,|1,,,,|1,,,,|1,,,,|1,,,,|1,,,,|1,,,,|1,,,,|1,,,,|1,,,,|1,,,,|1,,,,|1,,,,|1,,,,|1,,,,|1,,,,|1,,,,|1,,,,|1,,,,|1,,,,|1,,,,|1,,,,|1,,,,|1,,,,|1,,,,|1,,,,|1,,,,|1,,,,|1,,,,|1,,,,|1,,,,|1,,,,|1,,,,|1,,,,|1,,,,|1,,,,|1,,,,|1,,,,|1,,,,|1,,,,|1,,,,|1,,,,
|1,,,,|1,,,,|1,,,,|1,,,,|1,,,,|1,,,,|1,,,,|1,,,,|1,,,,|1,,,,|1,,,,|1,,,,|1,,,,|1,,,,|1,,,,|1,,,,|1,,,,|1,,,,|1,,,,|1,,,,|1,,,,|1,,,,|1,,,,|1,,,,|1,,,,|1,,,,|1,,,,|1,,,,|1,,,,|1,,,,|1,,,,|1,,,,|1,,,,|1,,,,|1,,,,|1,,,,|1,,,,|1,,,,|1,,,,|1,,,,|1,,,,|1,,,,|1,,,,|1,,,,|1,,,,|1,,,,|1,,,,|1,,,,|1,,,,|1,,,,|1,,,,|1,,,,|1,,,,|1,,,,|1,,,,|1,,,,|1,,,,|1,,,,|1,,,,|1,,,,|1,,,,|1,,,,|1,,,,|1,,,,|1,,,,|1,,,,|1,,,,|1,,,,|1,,,,|1,,,,|1,,,,|1,,,,|1,,,,|1,,,,|1,,,,|1,,,,|1,,,,|1,,,,|1,,,,|1,,,,|1,,,,|1,,,,|1,,,,|1,,,,|1,,,,|1,,,,|1,,,,|1,,,,|1,,,,|1,,,,|1,,,,|1,,,,|1,,,,|1,,,,|1,,,,|1,,,,
|1,,,,|1,,,,|1,,,,|1,,,,|1,,,,|1,,,,|1,,,,|1,,,,|1,,,,|1,,,,|1,,,,|1,,,,|1,,,,|1,,,,|1,,,,|1,,,,|1,,,,|1,,,,|1,,,,|1,,,,|1,,,,|1,,,,|1,,,,|1,,,,|1,,,,|1,,,,|1,,,,|1,,,,|1,,,,|1,,,,|1,,,,|1,,,,|1,,,,|1,,,,|1,,,,|1,,,,|1,,,,|1,,,,|1,,,,|1,,,,|1,,,,|1,,,,|1,,,,|1,,,,|1,,,,|1,,,,|1,,,,|1,,,,|1,,,,|1,,,,|1,,,,|1,,,,|1,,,,|1,,,,|1,,,,|1,,,,|1,,,,|1,,,,|1,,,,|1,,,,|1,,,,|1,,,,|1,,,,|1,,,,|1,,,,|1,,,,|1,,,,|1,,,,|1,,,,|1,,,,|1,,,,|1,,,,|1,,,,|1,,,,|1,,,,|1,,,,|1,,,,|1,,,,|1,,,,|1,,,,|1,,,,|1,,,,|1,,,,|1,,,,|1,,,,|1,,,,|1,,,,|1,,,,|1,,,,|1,,,,|1,,,,|1,,,,|1,,,,|1,,,,|1,,,,|1,,,,
|1,,,,|1,,,,|1,,,,|1,,,,|1,,,,|1,,,,|1,,,,|1,,,,|1,,,,|1,,,,|1,,,,|1,,,,|1,,,,|1,,,,|1,,,,|1,,,,|1,,,,|1,,,,|1,,,,|1,,,,|1,,,,|1,,,,|1,,,,|1,,,,|1,,,,|1,,,,|1,,,,|1,,,,|1,,,,|1,,,,|1,,,,|1,,,,|1,,,,|1,,,,|1,,,,|1,,,,|1,,,,|1,,,,|1,,,,|1,,,,|1,,,,|1,,,,|1,,,,|1,,,,|1,,,,|1,,,,|1,,,,|1,,,,|1,,,,|1,,,,|1,,,,|1,,,,|1,,,,|1,,,,|1,,,,|1,,,,|1,,,,|1,,,,|1,,,,|1,,,,|1,,,,|1,,,,|1,,,,|1,,,,|1,,,,|1,,,,|1,,,,|1,,,,|1,,,,|1,,,,|1,,,,|1,,,,|1,,,,|1,,,,|1,,,,|1,,,,|1,,,,|1,,,,|1,,,,|1,,,,|1,,,,|1,,,,|1,,,,|1,,,,|1,,,,|1,,,,|1,,,,|1,,,,|1,,,,|1,,,,|1,,,,|1,,,,|1,,,,|1,,,,|1,,,,|1,,,,
|1,,,,|1,,,,|1,,,,|1,,,,|1,,,,|1,,,,|1,,,,|1,,,,|1,,,,|1,,,,|1,,,,|1,,,,|1,,,,|1,,,,|1,,,,|1,,,,|1,,,,|1,,,,|1,,,,|1,,,,|1,,,,|1,,,,|1,,,,|1,,,,|1,,,,|1,,,,|1,,,,|1,,,,|1,,,,|1,,,,|1,,,,|1,,,,|1,,,,|1,,,,|1,,,,|1,,,,|1,,,,|1,,,,|1,,,,|1,,,,|1,,,,|1,,,,|1,,,,|1,,,,|1,,,,|1,,,,|1,,,,|1,,,,|1,,,,|1,,,,|1,,,,|1,,,,|1,,,,|1,,,,|1,,,,|1,,,,|1,,,,|1,,,,|1,,,,|1,,,,|1,,,,|1,,,,|1,,,,|1,,,,|1,,,,|1,,,,|1,,,,|1,,,,|1,,,,|1,,,,|1,,,,|1,,,,|1,,,,|1,,,,|1,,,,|1,,,,|1,,,,|1,,,,|1,,,,|1,,,,|1,,,,|1,,,,|1,,,,|1,,,,|1,,,,|1,,,,|1,,,,|1,,,,|1,,,,|1,,,,|1,,,,|1,,,,|1,,,,|1,,,,|1,,,,|1,,,,
|1,,,,|1,,,,|1,,,,|1,,,,|1,,,,|1,,,,|1,,,,|1,,,,|1,,,,|1,,,,|1,,,,|1,,,,|1,,,,|1,,,,|1,,,,|1,,,,|1,,,,|1,,,,|1,,,,|1,,,,|1,,,,|1,,,,|1,,,,|1,,,,|1,,,,|1,,,,|1,,,,|1,,,,|1,,,,|1,,,,|1,,,,|1,,,,|1,,,,|1,,,,|1,,,,|1,,,,|1,,,,|1,,,,|1,,,,|1,,,,|1,,,,|1,,,,|1,,,,|1,,,,|1,,,,|1,,,,|1,,,,|1,,,,|1,,,,|1,,,,|1,,,,|1,,,,|1,,,,|1,,,,|1,,,,|1,,,,|1,,,,|1,,,,|1,,,,|1,,,,|1,,,,|1,,,,|1,,,,|1,,,,|1,,,,|1,,,,|1,,,,|1,,,,|1,,,,|1,,,,|1,,,,|1,,,,|1,,,,|1,,,,|1,,,,|1,,,,|1,,,,|1,,,,|1,,,,|1,,,,|1,,,,|1,,,,|1,,,,|1,,,,|1,,,,|1,,,,|1,,,,|1,,,,|1,,,,|1,,,,|1,,,,|1,,,,|1,,,,|1,,,,|1,,,,|1,,,,
|1,,,,|1,,,,|1,,,,|1,,,,|1,,,,|1,,,,|1,,,,|1,,,,|1,,,,|1,,,,|1,,,,|1,,,,|1,,,,|1,,,,|1,,,,|1,,,,|1,,,,|1,,,,|1,,,,|1,,,,|1,,,,|1,,,,|1,,,,|1,,,,|1,,,,|1,,,,|1,,,,|1,,,,|1,,,,|1,,,,|1,,,,|1,,,,|1,,,,|1,,,,|1,,,,|1,,,,|1,,,,|1,,,,|1,,,,|1,,,,|1,,,,|1,,,,|1,,,,|1,,,,|1,,,,|1,,,,|1,,,,|1,,,,|1,,,,|1,,,,|1,,,,|1,,,,|1,,,,|1,,,,|1,,,,|1,,,,|1,,,,|1,,,,|1,,,,|1,,,,|1,,,,|1,,,,|1,,,,|1,,,,|1,,,,|1,,,,|1,,,,|1,,,,|1,,,,|1,,,,|1,,,,|1,,,,|1,,,,|1,,,,|1,,,,|1,,,,|1,,,,|1,,,,|1,,,,|1,,,,|1,,,,|1,,,,|1,,,,|1,,,,|1,,,,|1,,,,|1,,,,|1,,,,|1,,,,|1,,,,|1,,,,|1,,,,|1,,,,|1,,,,|1,,,,|1,,,,
|1,,,,|1,,,,|1,,,,|1,,,,|1,,,,|1,,,,|1,,,,|1,,,,|1,,,,|1,,,,|1,,,,|1,,,,|1,,,,|1,,,,|1,,,,|1,,,,|1,,,,|1,,,,|1,,,,|1,,,,|1,,,,|1,,,,|1,,,,|1,,,,|1,,,,|1,,,,|1,,,,|1,,,,|1,,,,|1,,,,|1,,,,|1,,,,|1,,,,|1,,,,|1,,,,|1,,,,|1,,,,|1,,,,|1,,,,|1,,,,|1,,,,|1,,,,|1,,,,|1,,,,|1,,,,|1,,,,|1,,,,|1,,,,|1,,,,|1,,,,|1,,,,|1,,,,|1,,,,|1,,,,|1,,,,|1,,,,|1,,,,|1,,,,|1,,,,|1,,,,|1,,,,|1,,,,|1,,,,|1,,,,|1,,,,|1,,,,|1,,,,|1,,,,|1,,,,|1,,,,|1,,,,|1,,,,|1,,,,|1,,,,|1,,,,|1,,,,|1,,,,|1,,,,|1,,,,|1,,,,|1,,,,|1,,,,|1,,,,|1,,,,|1,,,,|1,,,,|1,,,,|1,,,,|1,,,,|1,,,,|1,,,,|1,,,,|1,,,,|1,,,,|1,,,,|1,,,,
|1,,,,|1,,,,|1,,,,|1,,,,|1,,,,|1,,,,|1,,,,|1,,,,|1,,,,|1,,,,|1,,,,|1,,,,|1,,,,|1,,,,|1,,,,|1,,,,|1,,,,|1,,,,|1,,,,|1,,,,|1,,,,|1,,,,|1,,,,|1,,,,|1,,,,|1,,,,|1,,,,|1,,,,|1,,,,|1,,,,|1,,,,|1,,,,|1,,,,|1,,,,|1,,,,|1,,,,|1,,,,|1,,,,|1,,,,|1,,,,|1,,,,|1,,,,|1,,,,|1,,,,|1,,,,|1,,,,|1,,,,|1,,,,|1,,,,|1,,,,|1,,,,|1,,,,|1,,,,|1,,,,|1,,,,|1,,,,|1,,,,|1,,,,|1,,,,|1,,,,|1,,,,|1,,,,|1,,,,|1,,,,|1,,,,|1,,,,|1,,,,|1,,,,|1,,,,|1,,,,|1,,,,|1,,,,|1,,,,|1,,,,|1,,,,|1,,,,|1,,,,|1,,,,|1,,,,|1,,,,|1,,,,|1,,,,|1,,,,|1,,,,|1,,,,|1,,,,|1,,,,|1,,,,|1,,,,|1,,,,|1,,,,|1,,,,|1,,,,|1,,,,|1,,,,|1,,,,
|1,,,,|1,,,,|1,,,,|1,,,,|1,,,,|1,,,,|1,,,,|1,,,,|1,,,,|1,,,,|1,,,,|1,,,,|1,,,,|1,,,,|1,,,,|1,,,,|1,,,,|1,,,,|1,,,,|1,,,,|1,,,,|1,,,,|1,,,,|1,,,,|1,,,,|1,,,,|1,,,,|1,,,,|1,,,,|1,,,,|1,,,,|1,,,,|1,,,,|1,,,,|1,,,,|1,,,,|1,,,,|1,,,,|1,,,,|1,,,,|1,,,,|1,,,,|1,,,,|1,,,,|1,,,,|1,,,,|1,,,,|1,,,,|1,,,,|1,,,,|1,,,,|1,,,,|1,,,,|1,,,,|1,,,,|1,,,,|1,,,,|1,,,,|1,,,,|1,,,,|1,,,,|1,,,,|1,,,,|1,,,,|1,,,,|1,,,,|1,,,,|1,,,,|1,,,,|1,,,,|1,,,,|1,,,,|1,,,,|1,,,,|1,,,,|1,,,,|1,,,,|1,,,,|1,,,,|1,,,,|1,,,,|1,,,,|1,,,,|1,,,,|1,,,,|1,,,,|1,,,,|1,,,,|1,,,,|1,,,,|1,,,,|1,,,,|1,,,,|1,,,,|1,,,,|1,,,,
|1,,,,|1,,,,|1,,,,|1,,,,|1,,,,|1,,,,|1,,,,|1,,,,|1,,,,|1,,,,|1,,,,|1,,,,|1,,,,|1,,,,|1,,,,|1,,,,|1,,,,|1,,,,|1,,,,|1,,,,|1,,,,|1,,,,|1,,,,|1,,,,|1,,,,|1,,,,|1,,,,|1,,,,|1,,,,|1,,,,|1,,,,|1,,,,|1,,,,|1,,,,|1,,,,|1,,,,|1,,,,|1,,,,|1,,,,|1,,,,|1,,,,|1,,,,|1,,,,|1,,,,|1,,,,|1,,,,|1,,,,|1,,,,|1,,,,|1,,,,|1,,,,|1,,,,|1,,,,|1,,,,|1,,,,|1,,,,|1,,,,|1,,,,|1,,,,|1,,,,|1,,,,|1,,,,|1,,,,|1,,,,|1,,,,|1,,,,|1,,,,|1,,,,|1,,,,|1,,,,|1,,,,|1,,,,|1,,,,|1,,,,|1,,,,|1,,,,|1,,,,|1,,,,|1,,,,|1,,,,|1,,,,|1,,,,|1,,,,|1,,,,|1,,,,|1,,,,|1,,,,|1,,,,|1,,,,|1,,,,|1,,,,|1,,,,|1,,,,|1,,,,|1,,,,|1,,,,
|1,,,,|1,,,,|1,,,,|1,,,,|1,,,,|1,,,,|1,,,,|1,,,,|1,,,,|1,,,,|1,,,,|1,,,,|1,,,,|1,,,,|1,,,,|1,,,,|1,,,,|1,,,,|1,,,,|1,,,,|1,,,,|1,,,,|1,,,,|1,,,,|1,,,,|1,,,,|1,,,,|1,,,,|1,,,,|1,,,,|1,,,,|1,,,,|1,,,,|1,,,,|1,,,,|1,,,,|1,,,,|1,,,,|1,,,,|1,,,,|1,,,,|1,,,,|1,,,,|1,,,,|1,,,,|1,,,,|1,,,,|1,,,,|1,,,,|1,,,,|1,,,,|1,,,,|1,,,,|1,,,,|1,,,,|1,,,,|1,,,,|1,,,,|1,,,,|1,,,,|1,,,,|1,,,,|1,,,,|1,,,,|1,,,,|1,,,,|1,,,,|1,,,,|1,,,,|1,,,,|1,,,,|1,,,,|1,,,,|1,,,,|1,,,,|1,,,,|1,,,,|1,,,,|1,,,,|1,,,,|1,,,,|1,,,,|1,,,,|1,,,,|1,,,,|1,,,,|1,,,,|1,,,,|1,,,,|1,,,,|1,,,,|1,,,,|1,,,,|1,,,,|1,,,,|1,,,,
|1,,,,|1,,,,|1,,,,|1,,,,|1,,,,|1,,,,|1,,,,|1,,,,|1,,,,|1,,,,|1,,,,|1,,,,|1,,,,|1,,,,|1,,,,|1,,,,|1,,,,|1,,,,|1,,,,|1,,,,|1,,,,|1,,,,|1,,,,|1,,,,|1,,,,|1,,,,|1,,,,|1,,,,|1,,,,|1,,,,|1,,,,|1,,,,|1,,,,|1,,,,|1,,,,|1,,,,|1,,,,|1,,,,|1,,,,|1,,,,|1,,,,|1,,,,|1,,,,|1,,,,|1,,,,|1,,,,|1,,,,|1,,,,|1,,,,|1,,,,|1,,,,|1,,,,|1,,,,|1,,,,|1,,,,|1,,,,|1,,,,|1,,,,|1,,,,|1,,,,|1,,,,|1,,,,|1,,,,|1,,,,|1,,,,|1,,,,|1,,,,|1,,,,|1,,,,|1,,,,|1,,,,|1,,,,|1,,,,|1,,,,|1,,,,|1,,,,|1,,,,|1,,,,|1,,,,|1,,,,|1,,,,|1,,,,|1,,,,|1,,,,|1,,,,|1,,,,|1,,,,|1,,,,|1,,,,|1,,,,|1,,,,|1,,,,|1,,,,|1,,,,|1,,,,|1,,,,
|1,,,,|1,,,,|1,,,,|1,,,,|1,,,,|1,,,,|1,,,,|1,,,,|1,,,,|1,,,,|1,,,,|1,,,,|1,,,,|1,,,,|1,,,,|1,,,,|1,,,,|1,,,,|1,,,,|1,,,,|1,,,,|1,,,,|1,,,,|1,,,,|1,,,,|1,,,,|1,,,,|1,,,,|1,,,,|1,,,,|1,,,,|1,,,,|1,,,,|1,,,,|1,,,,|1,,,,|1,,,,|1,,,,|1,,,,|1,,,,|1,,,,|1,,,,|1,,,,|1,,,,|1,,,,|1,,,,|1,,,,|1,,,,|1,,,,|1,,,,|1,,,,|1,,,,|1,,,,|1,,,,|1,,,,|1,,,,|1,,,,|1,,,,|1,,,,|1,,,,|1,,,,|1,,,,|1,,,,|1,,,,|1,,,,|1,,,,|1,,,,|1,,,,|1,,,,|1,,,,|1,,,,|1,,,,|1,,,,|1,,,,|1,,,,|1,,,,|1,,,,|1,,,,|1,,,,|1,,,,|1,,,,|1,,,,|1,,,,|1,,,,|1,,,,|1,,,,|1,,,,|1,,,,|1,,,,|1,,,,|1,,,,|1,,,,|1,,,,|1,,,,|1,,,,|1,,,,
|1,,,,|1,,,,|1,,,,|1,,,,|1,,,,|1,,,,|1,,,,|1,,,,|1,,,,|1,,,,|1,,,,|1,,,,|1,,,,|1,,,,|1,,,,|1,,,,|1,,,,|1,,,,|1,,,,|1,,,,|1,,,,|1,,,,|1,,,,|1,,,,|1,,,,|1,,,,|1,,,,|1,,,,|1,,,,|1,,,,|1,,,,|1,,,,|1,,,,|1,,,,|1,,,,|1,,,,|1,,,,|1,,,,|1,,,,|1,,,,|1,,,,|1,,,,|1,,,,|1,,,,|1,,,,|1,,,,|1,,,,|1,,,,|1,,,,|1,,,,|1,,,,|1,,,,|1,,,,|1,,,,|1,,,,|1,,,,|1,,,,|1,,,,|1,,,,|1,,,,|1,,,,|1,,,,|1,,,,|1,,,,|1,,,,|1,,,,|1,,,,|1,,,,|1,,,,|1,,,,|1,,,,|1,,,,|1,,,,|1,,,,|1,,,,|1,,,,|1,,,,|1,,,,|1,,,,|1,,,,|1,,,,|1,,,,|1,,,,|1,,,,|1,,,,|1,,,,|1,,,,|1,,,,|1,,,,|1,,,,|1,,,,|1,,,,|1,,,,|1,,,,|1,,,,|1,,,,
|1,,,,|1,,,,|1,,,,|1,,,,|1,,,,|1,,,,|1,,,,|1,,,,|1,,,,|1,,,,|1,,,,|1,,,,|1,,,,|1,,,,|1,,,,|1,,,,|1,,,,|1,,,,|1,,,,|1,,,,|1,,,,|1,,,,|1,,,,|1,,,,|1,,,,|1,,,,|1,,,,|1,,,,|1,,,,|1,,,,|1,,,,|1,,,,|1,,,,|1,,,,|1,,,,|1,,,,|1,,,,|1,,,,|1,,,,|1,,,,|1,,,,|1,,,,|1,,,,|1,,,,|1,,,,|1,,,,|1,,,,|1,,,,|1,,,,|1,,,,|1,,,,|1,,,,|1,,,,|1,,,,|1,,,,|1,,,,|1,,,,|1,,,,|1,,,,|1,,,,|1,,,,|1,,,,|1,,,,|1,,,,|1,,,,|1,,,,|1,,,,|1,,,,|1,,,,|1,,,,|1,,,,|1,,,,|1,,,,|1,,,,|1,,,,|1,,,,|1,,,,|1,,,,|1,,,,|1,,,,|1,,,,|1,,,,|1,,,,|1,,,,|1,,,,|1,,,,|1,,,,|1,,,,|1,,,,|1,,,,|1,,,,|1,,,,|1,,,,|1,,,,|1,,,,|1,,,,
|1,,,,|1,,,,|1,,,,|1,,,,|1,,,,|1,,,,|1,,,,|1,,,,|1,,,,|1,,,,|1,,,,|1,,,,|1,,,,|1,,,,|1,,,,|1,,,,|1,,,,|1,,,,|1,,,,|1,,,,|1,,,,|1,,,,|1,,,,|1,,,,|1,,,,|1,,,,|1,,,,|1,,,,|1,,,,|1,,,,|1,,,,|1,,,,|1,,,,|1,,,,|1,,,,|1,,,,|1,,,,|1,,,,|1,,,,|1,,,,|1,,,,|1,,,,|1,,,,|1,,,,|1,,,,|1,,,,|1,,,,|1,,,,|1,,,,|1,,,,|1,,,,|1,,,,|1,,,,|1,,,,|1,,,,|1,,,,|1,,,,|1,,,,|1,,,,|1,,,,|1,,,,|1,,,,|1,,,,|1,,,,|1,,,,|1,,,,|1,,,,|1,,,,|1,,,,|1,,,,|1,,,,|1,,,,|1,,,,|1,,,,|1,,,,|1,,,,|1,,,,|1,,,,|1,,,,|1,,,,|1,,,,|1,,,,|1,,,,|1,,,,|1,,,,|1,,,,|1,,,,|1,,,,|1,,,,|1,,,,|1,,,,|1,,,,|1,,,,|1,,,,|1,,,,|1,,,,
|1,,,,|1,,,,|1,,,,|1,,,,|1,,,,|1,,,,|1,,,,|1,,,,|1,,,,|1,,,,|1,,,,|1,,,,|1,,,,|1,,,,|1,,,,|1,,,,|1,,,,|1,,,,|1,,,,|1,,,,|1,,,,|1,,,,|1,,,,|1,,,,|1,,,,|1,,,,|1,,,,|1,,,,|1,,,,|1,,,,|1,,,,|1,,,,|1,,,,|1,,,,|1,,,,|1,,,,|1,,,,|1,,,,|1,,,,|1,,,,|1,,,,|1,,,,|1,,,,|1,,,,|1,,,,|1,,,,|1,,,,|1,,,,|1,,,,|1,,,,|1,,,,|1,,,,|1,,,,|1,,,,|1,,,,|1,,,,|1,,,,|1,,,,|1,,,,|1,,,,|1,,,,|1,,,,|1,,,,|1,,,,|1,,,,|1,,,,|1,,,,|1,,,,|1,,,,|1,,,,|1,,,,|1,,,,|1,,,,|1,,,,|1,,,,|1,,,,|1,,,,|1,,,,|1,,,,|1,,,,|1,,,,|1,,,,|1,,,,|1,,,,|1,,,,|1,,,,|1,,,,|1,,,,|1,,,,|1,,,,|1,,,,|1,,,,|1,,,,|1,,,,|1,,,,|1,,,,
|1,,,,|1,,,,|1,,,,|1,,,,|1,,,,|1,,,,|1,,,,|1,,,,|1,,,,|1,,,,|1,,,,|1,,,,|1,,,,|1,,,,|1,,,,|1,,,,|1,,,,|1,,,,|1,,,,|1,,,,|1,,,,|1,,,,|1,,,,|1,,,,|1,,,,|1,,,,|1,,,,|1,,,,|1,,,,|1,,,,|1,,,,|1,,,,|1,,,,|1,,,,|1,,,,|1,,,,|1,,,,|1,,,,|1,,,,|1,,,,|1,,,,|1,,,,|1,,,,|1,,,,|1,,,,|1,,,,|1,,,,|1,,,,|1,,,,|1,,,,|1,,,,|1,,,,|1,,,,|1,,,,|1,,,,|1,,,,|1,,,,|1,,,,|1,,,,|1,,,,|1,,,,|1,,,,|1,,,,|1,,,,|1,,,,|1,,,,|1,,,,|1,,,,|1,,,,|1,,,,|1,,,,|1,,,,|1,,,,|1,,,,|1,,,,|1,,,,|1,,,,|1,,,,|1,,,,|1,,,,|1,,,,|1,,,,|1,,,,|1,,,,|1,,,,|1,,,,|1,,,,|1,,,,|1,,,,|1,,,,|1,,,,|1,,,,|1,,,,|1,,,,|1,,,,|1,,,,
|1,,,,|1,,,,|1,,,,|1,,,,|1,,,,|1,,,,|1,,,,|1,,,,|1,,,,|1,,,,|1,,,,|1,,,,|1,,,,|1,,,,|1,,,,|1,,,,|1,,,,|1,,,,|1,,,,|1,,,,|1,,,,|1,,,,|1,,,,|1,,,,|1,,,,|1,,,,|1,,,,|1,,,,|1,,,,|1,,,,|1,,,,|1,,,,|1,,,,|1,,,,|1,,,,|1,,,,|1,,,,|1,,,,|1,,,,|1,,,,|1,,,,|1,,,,|1,,,,|1,,,,|1,,,,|1,,,,|1,,,,|1,,,,|1,,,,|1,,,,|1,,,,|1,,,,|1,,,,|1,,,,|1,,,,|1,,,,|1,,,,|1,,,,|1,,,,|1,,,,|1,,,,|1,,,,|1,,,,|1,,,,|1,,,,|1,,,,|1,,,,|1,,,,|1,,,,|1,,,,|1,,,,|1,,,,|1,,,,|1,,,,|1,,,,|1,,,,|1,,,,|1,,,,|1,,,,|1,,,,|1,,,,|1,,,,|1,,,,|1,,,,|1,,,,|1,,,,|1,,,,|1,,,,|1,,,,|1,,,,|1,,,,|1,,,,|1,,,,|1,,,,|1,,,,|1,,,,
|1,,,,|1,,,,|1,,,,|1,,,,|1,,,,|1,,,,|1,,,,|1,,,,|1,,,,|1,,,,|1,,,,|1,,,,|1,,,,|1,,,,|1,,,,|1,,,,|1,,,,|1,,,,|1,,,,|1,,,,|1,,,,|1,,,,|1,,,,|1,,,,|1,,,,|1,,,,|1,,,,|1,,,,|1,,,,|1,,,,|1,,,,|1,,,,|1,,,,|1,,,,|1,,,,|1,,,,|1,,,,|1,,,,|1,,,,|1,,,,|1,,,,|1,,,,|1,,,,|1,,,,|1,,,,|1,,,,|1,,,,|1,,,,|1,,,,|1,,,,|1,,,,|1,,,,|1,,,,|1,,,,|1,,,,|1,,,,|1,,,,|1,,,,|1,,,,|1,,,,|1,,,,|1,,,,|1,,,,|1,,,,|1,,,,|1,,,,|1,,,,|1,,,,|1,,,,|1,,,,|1,,,,|1,,,,|1,,,,|1,,,,|1,,,,|1,,,,|1,,,,|1,,,,|1,,,,|1,,,,|1,,,,|1,,,,|1,,,,|1,,,,|1,,,,|1,,,,|1,,,,|1,,,,|1,,,,|1,,,,|1,,,,|1,,,,|1,,,,|1,,,,|1,,,,|1,,,,
|1,,,,|1,,,,|1,,,,|1,,,,|1,,,,|1,,,,|1,,,,|1,,,,|1,,,,|1,,,,|1,,,,|1,,,,|1,,,,|1,,,,|1,,,,|1,,,,|1,,,,|1,,,,|1,,,,|1,,,,|1,,,,|1,,,,|1,,,,|1,,,,|1,,,,|1,,,,|1,,,,|1,,,,|1,,,,|1,,,,|1,,,,|1,,,,|1,,,,|1,,,,|1,,,,|1,,,,|1,,,,|1,,,,|1,,,,|1,,,,|1,,,,|1,,,,|1,,,,|1,,,,|1,,,,|1,,,,|1,,,,|1,,,,|1,,,,|1,,,,|1,,,,|1,,,,|1,,,,|1,,,,|1,,,,|1,,,,|1,,,,|1,,,,|1,,,,|1,,,,|1,,,,|1,,,,|1,,,,|1,,,,|1,,,,|1,,,,|1,,,,|1,,,,|1,,,,|1,,,,|1,,,,|1,,,,|1,,,,|1,,,,|1,,,,|1,,,,|1,,,,|1,,,,|1,,,,|1,,,,|1,,,,|1,,,,|1,,,,|1,,,,|1,,,,|1,,,,|1,,,,|1,,,,|1,,,,|1,,,,|1,,,,|1,,,,|1,,,,|1,,,,|1,,,,|1,,,,
|1,,,,|1,,,,|1,,,,|1,,,,|1,,,,|1,,,,|1,,,,|1,,,,|1,,,,|1,,,,|1,,,,|1,,,,|1,,,,|1,,,,|1,,,,|1,,,,|1,,,,|1,,,,|1,,,,|1,,,,|1,,,,|1,,,,|1,,,,|1,,,,|1,,,,|1,,,,|1,,,,|1,,,,|1,,,,|1,,,,|1,,,,|1,,,,|1,,,,|1,,,,|1,,,,|1,,,,|1,,,,|1,,,,|1,,,,|1,,,,|1,,,,|1,,,,|1,,,,|1,,,,|1,,,,|1,,,,|1,,,,|1,,,,|1,,,,|1,,,,|1,,,,|1,,,,|1,,,,|1,,,,|1,,,,|1,,,,|1,,,,|1,,,,|1,,,,|1,,,,|1,,,,|1,,,,|1,,,,|1,,,,|1,,,,|1,,,,|1,,,,|1,,,,|1,,,,|1,,,,|1,,,,|1,,,,|1,,,,|1,,,,|1,,,,|1,,,,|1,,,,|1,,,,|1,,,,|1,,,,|1,,,,|1,,,,|1,,,,|1,,,,|1,,,,|1,,,,|1,,,,|1,,,,|1,,,,|1,,,,|1,,,,|1,,,,|1,,,,|1,,,,|1,,,,|1,,,,
|1,,,,|1,,,,|1,,,,|1,,,,|1,,,,|1,,,,|1,,,,|1,,,,|1,,,,|1,,,,|1,,,,|1,,,,|1,,,,|1,,,,|1,,,,|1,,,,|1,,,,|1,,,,|1,,,,|1,,,,|1,,,,|1,,,,|1,,,,|1,,,,|1,,,,|1,,,,|1,,,,|1,,,,|1,,,,|1,,,,|1,,,,|1,,,,|1,,,,|1,,,,|1,,,,|1,,,,|1,,,,|1,,,,|1,,,,|1,,,,|1,,,,|1,,,,|1,,,,|1,,,,|1,,,,|1,,,,|1,,,,|1,,,,|1,,,,|1,,,,|1,,,,|1,,,,|1,,,,|1,,,,|1,,,,|1,,,,|1,,,,|1,,,,|1,,,,|1,,,,|1,,,,|1,,,,|1,,,,|1,,,,|1,,,,|1,,,,|1,,,,|1,,,,|1,,,,|1,,,,|1,,,,|1,,,,|1,,,,|1,,,,|1,,,,|1,,,,|1,,,,|1,,,,|1,,,,|1,,,,|1,,,,|1,,,,|1,,,,|1,,,,|1,,,,|1,,,,|1,,,,|1,,,,|1,,,,|1,,,,|1,,,,|1,,,,|1,,,,|1,,,,|1,,,,|1,,,,
|1,,,,|1,,,,|1,,,,|1,,,,|1,,,,|1,,,,|1,,,,|1,,,,|1,,,,|1,,,,|1,,,,|1,,,,|1,,,,|1,,,,|1,,,,|1,,,,|1,,,,|1,,,,|1,,,,|1,,,,|1,,,,|1,,,,|1,,,,|1,,,,|1,,,,|1,,,,|1,,,,|1,,,,|1,,,,|1,,,,|1,,,,|1,,,,|1,,,,|1,,,,|1,,,,|1,,,,|1,,,,|1,,,,|1,,,,|1,,,,|1,,,,|1,,,,|1,,,,|1,,,,|1,,,,|1,,,,|1,,,,|1,,,,|1,,,,|1,,,,|1,,,,|1,,,,|1,,,,|1,,,,|1,,,,|1,,,,|1,,,,|1,,,,|1,,,,|1,,,,|1,,,,|1,,,,|1,,,,|1,,,,|1,,,,|1,,,,|1,,,,|1,,,,|1,,,,|1,,,,|1,,,,|1,,,,|1,,,,|1,,,,|1,,,,|1,,,,|1,,,,|1,,,,|1,,,,|1,,,,|1,,,,|1,,,,|1,,,,|1,,,,|1,,,,|1,,,,|1,,,,|1,,,,|1,,,,|1,,,,|1,,,,|1,,,,|1,,,,|1,,,,|1,,,,|1,,,,
|1,,,,|1,,,,|1,,,,|1,,,,|1,,,,|1,,,,|1,,,,|1,,,,|1,,,,|1,,,,|1,,,,|1,,,,|1,,,,|1,,,,|1,,,,|1,,,,|1,,,,|1,,,,|1,,,,|1,,,,|1,,,,|1,,,,|1,,,,|1,,,,|1,,,,|1,,,,|1,,,,|1,,,,|1,,,,|1,,,,|1,,,,|1,,,,|1,,,,|1,,,,|1,,,,|1,,,,|1,,,,|1,,,,|1,,,,|1,,,,|1,,,,|1,,,,|1,,,,|1,,,,|1,,,,|1,,,,|1,,,,|1,,,,|1,,,,|1,,,,|1,,,,|1,,,,|1,,,,|1,,,,|1,,,,|1,,,,|1,,,,|1,,,,|1,,,,|1,,,,|1,,,,|1,,,,|1,,,,|1,,,,|1,,,,|1,,,,|1,,,,|1,,,,|1,,,,|1,,,,|1,,,,|1,,,,|1,,,,|1,,,,|1,,,,|1,,,,|1,,,,|1,,,,|1,,,,|1,,,,|1,,,,|1,,,,|1,,,,|1,,,,|1,,,,|1,,,,|1,,,,|1,,,,|1,,,,|1,,,,|1,,,,|1,,,,|1,,,,|1,,,,|1,,,,|1,,,,
|1,,,,|1,,,,|1,,,,|1,,,,|1,,,,|1,,,,|1,,,,|1,,,,|1,,,,|1,,,,|1,,,,|1,,,,|1,,,,|1,,,,|1,,,,|1,,,,|1,,,,|1,,,,|1,,,,|1,,,,|1,,,,|1,,,,|1,,,,|1,,,,|1,,,,|1,,,,|1,,,,|1,,,,|1,,,,|1,,,,|1,,,,|1,,,,|1,,,,|1,,,,|1,,,,|1,,,,|1,,,,|1,,,,|1,,,,|1,,,,|1,,,,|1,,,,|1,,,,|1,,,,|1,,,,|1,,,,|1,,,,|1,,,,|1,,,,|1,,,,|1,,,,|1,,,,|1,,,,|1,,,,|1,,,,|1,,,,|1,,,,|1,,,,|1,,,,|1,,,,|1,,,,|1,,,,|1,,,,|1,,,,|1,,,,|1,,,,|1,,,,|1,,,,|1,,,,|1,,,,|1,,,,|1,,,,|1,,,,|1,,,,|1,,,,|1,,,,|1,,,,|1,,,,|1,,,,|1,,,,|1,,,,|1,,,,|1,,,,|1,,,,|1,,,,|1,,,,|1,,,,|1,,,,|1,,,,|1,,,,|1,,,,|1,,,,|1,,,,|1,,,,|1,,,,|1,,,,
|1,,,,|1,,,,|1,,,,|1,,,,|1,,,,|1,,,,|1,,,,|1,,,,|1,,,,|1,,,,|1,,,,|1,,,,|1,,,,|1,,,,|1,,,,|1,,,,|1,,,,|1,,,,|1,,,,|1,,,,|1,,,,|1,,,,|1,,,,|1,,,,|1,,,,|1,,,,|1,,,,|1,,,,|1,,,,|1,,,,|1,,,,|1,,,,|1,,,,|1,,,,|1,,,,|1,,,,|1,,,,|1,,,,|1,,,,|1,,,,|1,,,,|1,,,,|1,,,,|1,,,,|1,,,,|1,,,,|1,,,,|1,,,,|1,,,,|1,,,,|1,,,,|1,,,,|1,,,,|1,,,,|1,,,,|1,,,,|1,,,,|1,,,,|1,,,,|1,,,,|1,,,,|1,,,,|1,,,,|1,,,,|1,,,,|1,,,,|1,,,,|1,,,,|1,,,,|1,,,,|1,,,,|1,,,,|1,,,,|1,,,,|1,,,,|1,,,,|1,,,,|1,,,,|1,,,,|1,,,,|1,,,,|1,,,,|1,,,,|1,,,,|1,,,,|1,,,,|1,,,,|1,,,,|1,,,,|1,,,,|1,,,,|1,,,,|1,,,,|1,,,,|1,,,,|1,,,,
|1,,,,|1,,,,|1,,,,|1,,,,|1,,,,|1,,,,|1,,,,|1,,,,|1,,,,|1,,,,|1,,,,|1,,,,|1,,,,|1,,,,|1,,,,|1,,,,|1,,,,|1,,,,|1,,,,|1,,,,|1,,,,|1,,,,|1,,,,|1,,,,|1,,,,|1,,,,|1,,,,|1,,,,|1,,,,|1,,,,|1,,,,|1,,,,|1,,,,|1,,,,|1,,,,|1,,,,|1,,,,|1,,,,|1,,,,|1,,,,|1,,,,|1,,,,|1,,,,|1,,,,|1,,,,|1,,,,|1,,,,|1,,,,|1,,,,|1,,,,|1,,,,|1,,,,|1,,,,|1,,,,|1,,,,|1,,,,|1,,,,|1,,,,|1,,,,|1,,,,|1,,,,|1,,,,|1,,,,|1,,,,|1,,,,|1,,,,|1,,,,|1,,,,|1,,,,|1,,,,|1,,,,|1,,,,|1,,,,|1,,,,|1,,,,|1,,,,|1,,,,|1,,,,|1,,,,|1,,,,|1,,,,|1,,,,|1,,,,|1,,,,|1,,,,|1,,,,|1,,,,|1,,,,|1,,,,|1,,,,|1,,,,|1,,,,|1,,,,|1,,,,|1,,,,|1,,,,
|1,,,,|1,,,,|1,,,,|1,,,,|1,,,,|1,,,,|1,,,,|1,,,,|1,,,,|1,,,,|1,,,,|1,,,,|1,,,,|1,,,,|1,,,,|1,,,,|1,,,,|1,,,,|1,,,,|1,,,,|1,,,,|1,,,,|1,,,,|1,,,,|1,,,,|1,,,,|1,,,,|1,,,,|1,,,,|1,,,,|1,,,,|1,,,,|1,,,,|1,,,,|1,,,,|1,,,,|1,,,,|1,,,,|1,,,,|1,,,,|1,,,,|1,,,,|1,,,,|1,,,,|1,,,,|1,,,,|1,,,,|1,,,,|1,,,,|1,,,,|1,,,,|1,,,,|1,,,,|1,,,,|1,,,,|1,,,,|1,,,,|1,,,,|1,,,,|1,,,,|1,,,,|1,,,,|1,,,,|1,,,,|1,,,,|1,,,,|1,,,,|1,,,,|1,,,,|1,,,,|1,,,,|1,,,,|1,,,,|1,,,,|1,,,,|1,,,,|1,,,,|1,,,,|1,,,,|1,,,,|1,,,,|1,,,,|1,,,,|1,,,,|1,,,,|1,,,,|1,,,,|1,,,,|1,,,,|1,,,,|1,,,,|1,,,,|1,,,,|1,,,,|1,,,,|1,,,,
|1,,,,|1,,,,|1,,,,|1,,,,|1,,,,|1,,,,|1,,,,|1,,,,|1,,,,|1,,,,|1,,,,|1,,,,|1,,,,|1,,,,|1,,,,|1,,,,|1,,,,|1,,,,|1,,,,|1,,,,|1,,,,|1,,,,|1,,,,|1,,,,|1,,,,|1,,,,|1,,,,|1,,,,|1,,,,|1,,,,|1,,,,|1,,,,|1,,,,|1,,,,|1,,,,|1,,,,|1,,,,|1,,,,|1,,,,|1,,,,|1,,,,|1,,,,|1,,,,|1,,,,|1,,,,|1,,,,|1,,,,|1,,,,|1,,,,|1,,,,|1,,,,|1,,,,|1,,,,|1,,,,|1,,,,|1,,,,|1,,,,|1,,,,|1,,,,|1,,,,|1,,,,|1,,,,|1,,,,|1,,,,|1,,,,|1,,,,|1,,,,|1,,,,|1,,,,|1,,,,|1,,,,|1,,,,|1,,,,|1,,,,|1,,,,|1,,,,|1,,,,|1,,,,|1,,,,|1,,,,|1,,,,|1,,,,|1,,,,|1,,,,|1,,,,|1,,,,|1,,,,|1,,,,|1,,,,|1,,,,|1,,,,|1,,,,|1,,,,|1,,,,|1,,,,|1,,,,
|1,,,,|1,,,,|1,,,,|1,,,,|1,,,,|1,,,,|1,,,,|1,,,,|1,,,,|1,,,,|1,,,,|1,,,,|1,,,,|1,,,,|1,,,,|1,,,,|1,,,,|1,,,,|1,,,,|1,,,,|1,,,,|1,,,,|1,,,,|1,,,,|1,,,,|1,,,,|1,,,,|1,,,,|1,,,,|1,,,,|1,,,,|1,,,,|1,,,,|1,,,,|1,,,,|1,,,,|1,,,,|1,,,,|1,,,,|1,,,,|1,,,,|1,,,,|1,,,,|1,,,,|1,,,,|1,,,,|1,,,,|1,,,,|1,,,,|1,,,,|1,,,,|1,,,,|1,,,,|1,,,,|1,,,,|1,,,,|1,,,,|1,,,,|1,,,,|1,,,,|1,,,,|1,,,,|1,,,,|1,,,,|1,,,,|1,,,,|1,,,,|1,,,,|1,,,,|1,,,,|1,,,,|1,,,,|1,,,,|1,,,,|1,,,,|1,,,,|1,,,,|1,,,,|1,,,,|1,,,,|1,,,,|1,,,,|1,,,,|1,,,,|1,,,,|1,,,,|1,,,,|1,,,,|1,,,,|1,,,,|1,,,,|1,,,,|1,,,,|1,,,,|1,,,,|1,,,,
|1,,,,|1,,,,|1,,,,|1,,,,|1,,,,|1,,,,|1,,,,|1,,,,|1,,,,|1,,,,|1,,,,|1,,,,|1,,,,|1,,,,|1,,,,|1,,,,|1,,,,|1,,,,|1,,,,|1,,,,|1,,,,|1,,,,|1,,,,|1,,,,|1,,,,|1,,,,|1,,,,|1,,,,|1,,,,|1,,,,|1,,,,|1,,,,|1,,,,|1,,,,|1,,,,|1,,,,|1,,,,|1,,,,|1,,,,|1,,,,|1,,,,|1,,,,|1,,,,|1,,,,|1,,,,|1,,,,|1,,,,|1,,,,|1,,,,|1,,,,|1,,,,|1,,,,|1,,,,|1,,,,|1,,,,|1,,,,|1,,,,|1,,,,|1,,,,|1,,,,|1,,,,|1,,,,|1,,,,|1,,,,|1,,,,|1,,,,|1,,,,|1,,,,|1,,,,|1,,,,|1,,,,|1,,,,|1,,,,|1,,,,|1,,,,|1,,,,|1,,,,|1,,,,|1,,,,|1,,,,|1,,,,|1,,,,|1,,,,|1,,,,|1,,,,|1,,,,|1,,,,|1,,,,|1,,,,|1,,,,|1,,,,|1,,,,|1,,,,|1,,,,|1,,,,|1,,,,
|1,,,,|1,,,,|1,,,,|1,,,,|1,,,,|1,,,,|1,,,,|1,,,,|1,,,,|1,,,,|1,,,,|1,,,,|1,,,,|1,,,,|1,,,,|1,,,,|1,,,,|1,,,,|1,,,,|1,,,,|1,,,,|1,,,,|1,,,,|1,,,,|1,,,,|1,,,,|1,,,,|1,,,,|1,,,,|1,,,,|1,,,,|1,,,,|1,,,,|1,,,,|1,,,,|1,,,,|1,,,,|1,,,,|1,,,,|1,,,,|1,,,,|1,,,,|1,,,,|1,,,,|1,,,,|1,,,,|1,,,,|1,,,,|1,,,,|1,,,,|1,,,,|1,,,,|1,,,,|1,,,,|1,,,,|1,,,,|1,,,,|1,,,,|1,,,,|1,,,,|1,,,,|1,,,,|1,,,,|1,,,,|1,,,,|1,,,,|1,,,,|1,,,,|1,,,,|1,,,,|1,,,,|1,,,,|1,,,,|1,,,,|1,,,,|1,,,,|1,,,,|1,,,,|1,,,,|1,,,,|1,,,,|1,,,,|1,,,,|1,,,,|1,,,,|1,,,,|1,,,,|1,,,,|1,,,,|1,,,,|1,,,,|1,,,,|1,,,,|1,,,,|1,,,,|1,,,,
|1,,,,|1,,,,|1,,,,|1,,,,|1,,,,|1,,,,|1,,,,|1,,,,|1,,,,|1,,,,|1,,,,|1,,,,|1,,,,|1,,,,|1,,,,|1,,,,|1,,,,|1,,,,|1,,,,|1,,,,|1,,,,|1,,,,|1,,,,|1,,,,|1,,,,|1,,,,|1,,,,|1,,,,|1,,,,|1,,,,|1,,,,|1,,,,|1,,,,|1,,,,|1,,,,|1,,,,|1,,,,|1,,,,|1,,,,|1,,,,|1,,,,|1,,,,|1,,,,|1,,,,|1,,,,|1,,,,|1,,,,|1,,,,|1,,,,|1,,,,|1,,,,|1,,,,|1,,,,|1,,,,|1,,,,|1,,,,|1,,,,|1,,,,|1,,,,|1,,,,|1,,,,|1,,,,|1,,,,|1,,,,|1,,,,|1,,,,|1,,,,|1,,,,|1,,,,|1,,,,|1,,,,|1,,,,|1,,,,|1,,,,|1,,,,|1,,,,|1,,,,|1,,,,|1,,,,|1,,,,|1,,,,|1,,,,|1,,,,|1,,,,|1,,,,|1,,,,|1,,,,|1,,,,|1,,,,|1,,,,|1,,,,|1,,,,|1,,,,|1,,,,|1,,,,|1,,,,
|1,,,,|1,,,,|1,,,,|1,,,,|1,,,,|1,,,,|1,,,,|1,,,,|1,,,,|1,,,,|1,,,,|1,,,,|1,,,,|1,,,,|1,,,,|1,,,,|1,,,,|1,,,,|1,,,,|1,,,,|1,,,,|1,,,,|1,,,,|1,,,,|1,,,,|1,,,,|1,,,,|1,,,,|1,,,,|1,,,,|1,,,,|1,,,,|1,,,,|1,,,,|1,,,,|1,,,,|1,,,,|1,,,,|1,,,,|1,,,,|1,,,,|1,,,,|1,,,,|1,,,,|1,,,,|1,,,,|1,,,,|1,,,,|1,,,,|1,,,,|1,,,,|1,,,,|1,,,,|1,,,,|1,,,,|1,,,,|1,,,,|1,,,,|1,,,,|1,,,,|1,,,,|1,,,,|1,,,,|1,,,,|1,,,,|1,,,,|1,,,,|1,,,,|1,,,,|1,,,,|1,,,,|1,,,,|1,,,,|1,,,,|1,,,,|1,,,,|1,,,,|1,,,,|1,,,,|1,,,,|1,,,,|1,,,,|1,,,,|1,,,,|1,,,,|1,,,,|1,,,,|1,,,,|1,,,,|1,,,,|1,,,,|1,,,,|1,,,,|1,,,,|1,,,,|1,,,,
|1,,,,|1,,,,|1,,,,|1,,,,|1,,,,|1,,,,|1,,,,|1,,,,|1,,,,|1,,,,|1,,,,|1,,,,|1,,,,|1,,,,|1,,,,|1,,,,|1,,,,|1,,,,|1,,,,|1,,,,|1,,,,|1,,,,|1,,,,|1,,,,|1,,,,|1,,,,|1,,,,|1,,,,|1,,,,|1,,,,|1,,,,|1,,,,|1,,,,|1,,,,|1,,,,|1,,,,|1,,,,|1,,,,|1,,,,|1,,,,|1,,,,|1,,,,|1,,,,|1,,,,|1,,,,|1,,,,|1,,,,|1,,,,|1,,,,|1,,,,|1,,,,|1,,,,|1,,,,|1,,,,|1,,,,|1,,,,|1,,,,|1,,,,|1,,,,|1,,,,|1,,,,|1,,,,|1,,,,|1,,,,|1,,,,|1,,,,|1,,,,|1,,,,|1,,,,|1,,,,|1,,,,|1,,,,|1,,,,|1,,,,|1,,,,|1,,,,|1,,,,|1,,,,|1,,,,|1,,,,|1,,,,|1,,,,|1,,,,|1,,,,|1,,,,|1,,,,|1,,,,|1,,,,|1,,,,|1,,,,|1,,,,|1,,,,|1,,,,|1,,,,|1,,,,|1,,,,
|1,,,,|1,,,,|1,,,,|1,,,,|1,,,,|1,,,,|1,,,,|1,,,,|1,,,,|1,,,,|1,,,,|1,,,,|1,,,,|1,,,,|1,,,,|1,,,,|1,,,,|1,,,,|1,,,,|1,,,,|1,,,,|1,,,,|1,,,,|1,,,,|1,,,,|1,,,,|1,,,,|1,,,,|1,,,,|1,,,,|1,,,,|1,,,,|1,,,,|1,,,,|1,,,,|1,,,,|1,,,,|1,,,,|1,,,,|1,,,,|1,,,,|1,,,,|1,,,,|1,,,,|1,,,,|1,,,,|1,,,,|1,,,,|1,,,,|1,,,,|1,,,,|1,,,,|1,,,,|1,,,,|1,,,,|1,,,,|1,,,,|1,,,,|1,,,,|1,,,,|1,,,,|1,,,,|1,,,,|1,,,,|1,,,,|1,,,,|1,,,,|1,,,,|1,,,,|1,,,,|1,,,,|1,,,,|1,,,,|1,,,,|1,,,,|1,,,,|1,,,,|1,,,,|1,,,,|1,,,,|1,,,,|1,,,,|1,,,,|1,,,,|1,,,,|1,,,,|1,,,,|1,,,,|1,,,,|1,,,,|1,,,,|1,,,,|1,,,,|1,,,,|1,,,,|1,,,,